15. 01. 2021 20:09:05;1
15. 01. 2021 20:09:06;0
15. 01. 2021 20:09:08;1
15. 01. 2021 20:09:09;0
15. 01. 2021 20:09:10;1
15. 01. 2021 20:09:11;1
15. 01. 2021 20:09:11;1
15. 01. 2021 20:09:12;0
15. 01. 2021 20:09:13;0
15. 01. 2021 20:09:13;1
15. 01. 2021 20:09:14;0
15. 01. 2021 20:09:14;1
15. 01. 2021 20:09:16;0
15. 01. 2021 20:09:18;0
15. 01. 2021 20:09:19;1
15. 01. 2021 20:09:21;0
15. 01. 2021 20:09:22;1
15. 01. 2021 20:09:24;0
15. 01. 2021 20:09:25;1
15. 01. 2021 20:09:26;0
15. 01. 2021 20:09:27;1
15. 01. 2021 20:09:28;0
15. 01. 2021 20:09:28;0
15. 01. 2021 20:09:30;1
15. 01. 2021 20:09:32;0
15. 01. 2021 20:09:33;0
15. 01. 2021 20:09:34;1
15. 01. 2021 20:09:36;0
15. 01. 2021 20:09:37;0
15. 01. 2021 20:09:38;1
15. 01. 2021 20:16:40;0
15. 01. 2021 20:16:42;1
15. 01. 2021 20:16:44;0
15. 01. 2021 20:18:07;1
15. 01. 2021 20:18:08;1
15. 01. 2021 20:18:11;1
15. 01. 2021 20:18:12;0
15. 01. 2021 20:28:45;0
